.608
.9056768
.324620068978687
.833119143220847
.528320218395275
.946952267874167
.190887946920128
.586909006834836
.921297933217733
.275530595572572
.758531248608784
.696014055272576
.803998262515278
.598823214273231
.912889094818687
.302185862443261
.801304354534197
.605019606567178
.908089352498606
.317159705433621
.822963821394943
.553638606265905
.939067019687835
.217436578445282
.646600068637305
.868331995527042
.434459856070055
.93367706022784
.235311988242126
.683772974440321
.821664476688357
.556821464859862
.937731020298482
.22188790470011
.656083917302038
.857423680886672
.464543586897406
.945222802525613
.196751293222708
.600552842984021
.911578677917757
.30629136915719
.807412472080615
.590890773635284
.918607695618322
.284116869242648
.772899000646735
.66699931469485
.844022669787512
.500263930154636
.949999735295319
.180500905289742
.562097248221437
.935346940700636
.229797556645869
.672564430500739
.836841765838631
.518842974189509
.948650780830035
.185107412070279
.573202100654307
.929637519347227
.248564087482811
.709763931207265
.782796554025
.646099214320023
.868889074385273
.432899233036871
.932890450877247
.237902258649316
.688958141119705
.814320319437425
.574570399797269
.928869170801487
.251070690476972
.714529955669477
.775112212857719
.662390427278811
.849791526687179
.485054373859839
.949151187385258
.183400201307568
.569105356378063
.931852908935471
.241311647167092
.695705277212668
.804457888990228
.597760496560133
.913682964186802
.299692339538161
.797531996409158
.613603902228567
.90095778291408
.339084854018375
.851604000016107
.480223583256158
.948513794694941
.185574428679709
.574318928379653
.9290114481611
.25060687391752
.713651660918671
.776541277589434
.659394702798973
.853454649134582
.475265281819567
.947675136122831
.188430495490137
.581112886666019
.924998658543481
.263629332897718
.737689849387765
.735313434892482
.739584831964586
.731876611511504
.745686300728983
.720625318209608
.765032982066654
.683078569984055
.822632501407856
.554451422334178
.938733161901983
.218550208060457
.648986855545313
.865651084123936
.441937281780164
.937189138861111
.223689496075145
.659879520599013
.852866447793514
.476844026082033
.94796244331326
.187452667647096
.578793827148517
.9264078246525
.259070194885465
.729420750228394
.749991253585634
.712516617896596
.778379411047611
.655518633318184
.858093027825208
.462723657007304
.944719802161745
.19845233074783
.604462212040618
.908533055771207
.315782820900511
.821043317513582
.55833851546352
.937067146931348
.224094774478508
.660729964813752
.851830337961687
.479618570501108
.94842146986001
.185889104400634
.575070512009904
.928584789260969
.251997297973696
.716279707193079
.772247735374609
.668348448216909
.842303439935243
.504747749032297
.94991434374068
.180792916526294
.5628059838688
.935010551883034
.23091011505159
.674844408510116
.833831844688441
.526513937993269
.947328642149939
.189608926466711
.583898049589238
.923252245645463
.269258638913077
.747682012278266
.716883759016398
.771253453284685
.670401943508306
.83966007506465
.511597926946891
.949488854744031
.182247123951417
.566325817098844
.933283366747449
.236608991579984
.686375671397251
.81800361462265
.565720064130329
.93358731804868
.23560774298394
.684367590833823
.820832647510502
.558852366707328
.936838315945195
.22485468574423
.662321212963755
.849876930523506
.484827307252309
.94912519970018
.18348890897824
.569318771188817
.931740650251315
.241680041498171
.696429036350531
.803379407977926
.600251552296859
.911808579795866
.305572035704744
.806351513460009
.593365250762895
.916875133809931
.289617466681619
.781808920763253
.648218182277352
.866519207681111
.43952194752308
.936101139640676
.227300024815593
.667411949430811
.843498308913547
.501633864739427
.94998985584685
.180534692612738
.562179286028655
.935308198278073
.229925735545211
.672827588380978
.836496373838779
.519726723494741
.948521254244616
.18554900106518
.574258163221798
.929045755740714
.250495010027341
.713439587919225
.776885460773711
.658670878126092
.85432949925184
.472912302647772
.947211775278185
.190006186599628
.584834575483283
.92265176024977
.271188860319528
.75105275696087
.710495550244916
.781628168642942
.648605183581925
.866082697767813
.440737141901153
.936654071869833
.225466241774082
.663598619258541
.848294868751456
.489024600725344
.949542254320895
.182064694004333
.565885136565479
.933504765363043
.235879749948626
.684913875348638
.820066063073484
.560719318020835
.935990024792522
.227668253469381
.668174595360015
.842525760806882
.504169192097933
.949933947781552
.180725882008089
.562643342805852
.935088084088012
.230653764521567
.674319900647667
.834527774505113
.524746438721693
.947672932328255
.188437993510362
.581130641226172
.924987712406074
.263664688354637
.737753357784059
.735198695277141
.739789980211737
.731502908482208
.746344332784258
.7193949848793
.767090194317285
.678918746778309
.828354711794861
.540296096320032
.943829653561194
.201457906755054
.611315950531518
.902913284797606
.333111362747693
.7152599347372
.577323476732278
.311493882192723
4.75321232729402E-02
.39727781223623
.621379105819056
.455931655715408
.30932650656016
.737517961479373
.388998715729856
.450771672070664
.768640188753935
.910068730698184
.810097224295754
.14206431982187
.901867306229836
.548841603585616
.997046702777713
.592224050507388
.568634300767137
.700054751557361
.455326496996201
5.03461834172469E-03
.922296028693515
7.13654737411134E-02
.697256902929837
9.72439351343453E-02
.595469690116541
.679129321578409
7.89390482939032E-02
.655480873394422
.858137652432329
.462602203258988
.944685338235888
.198568809840527
.604729102876367
.908320897040703
.316441371151526
.821963673146019
.556089694062429
.938044995635936
.220843010833589
.653871226518269
.860029853469101
.457438317521866
.943116312101596
.203862149008028
.616749018197455
.898204733649735
.347445362375986
.861562913649742
.453234585997815
.941689385002176
.208659851270318
.627459487405033
.888265500467695
.377149624356966
.892649583776589
.364139956568273
.879859784675171
.401684867148825
.913269711679332
.30099095255223
.799502516328939
.609133322308007
.904741688255663
.327499829994231
.836926027122326
.518627238540749
.948681498740515
.185002668214268
.572951387677904
.929776761136299
.248109355231332
.708894191696493
.784180223366781
.643118082459385
.872165414997965
.423673034741691
.927861938622936
.254349813615727
.720692746531614
.764919904187665
.683306288587754
.822315457343895
.555228434637344
.938409316028533
.219629632153698
.65129133596817
.863021540311671
.449218372825018
.940200660097552
.213648839628781
.638411449225415
.877200628748617
.409334805552262
.918763325559865
.283621653230963
.772085561988094
.668683898438968
.841873821148242
.5058647035713
.949869299957679
.180946929231234
.563179524525479
.934831721186791
.231501222148985
.676051943911543
.832221709570874
.530589195621262
.946444344222728
.192612300543847
.590948648447604
.918567704713106
.284244090970568
.773107673331757
.666566355315794
.844571467251888
.498827915032348
.949994779623949
.180517853582537
.562138400857864
.935327512727544
.22986183531731
.672696413531099
.836668605263284
.519286150874286
.948586568660926
.185326343584661
.573725861841165
.929345089723954
.249518616933732
.711584491601396
.779881611072359
.652331878377455
.861820995553986
.452525155270026
.941435328647886
.209512432361824
.629344497581093
.886426003592879
.382564786239498
.897594088162296
.349291976021892
.863690947732734
.447369799241611
.9394742354789
.216077106130898
.643673603280579
.871560003737425
.425384021766051
.928843332010325
.251154907043071
.714689254902778
.774852390551302
.662933420951292
.849120261281014
.486837164019691
.949341611046031
.182750043013719
.567539366210371
.932666049245225
.238640341356008
.690426289567286
.812203747318218
.579609516609757
.925916834487611
.260660430380201
.732322967573995
.744898947202927
.722093121503811
.762563652446634
.688029247972755
.815651007245841
.571384878173808
.93063595683882
.245300156174552
.703486360310112
.792654544437424
.62454260695647
.891058728399448
.368877669581906
.884666350969767
.387720834040095
.902094877787123
.335614895177963
.847314641788062
.491615650478596
.949732870195791
.181413312768732
.564309586332224
.934284253001957
.233309312859221
.679729094091041
.827250320401412
.543047465629257
.942958279671012
.204394257389411
.617945530755439
.897137636744307
.350670450428357
.865262605373975
.44301627063858
.937660847434645
.222121333966596
.656577098461285
.856837726502291
.46613398038977
.945641752319886
.195333028639192
.597276538934965
.91404164489677
.298564161906472
.795809691899921
.617487179476681
.897547698102734
.349432145386226
.863851420396621
.446926146726374
.93929603117502
.216672188576727
.644956334841573
.870153111759331
.42934936064856
.931032251205084
.244002554000093
.700968169037794
.796524821127667
.615877515729779
.898975125123521
.34511162822415
.858836450696779
.460698326275084
.944130438081197
.200442985085256
.609009260298398
.904844528442945
.327183449601276
.836510871651484
.519689646389363
.948526807735235
.185530070422791
.574212920888479
.929071281018161
.250411776060649
.713281730189042
.777141433556762
.658131978063192
.854978254552525
.471163667420403
.946840170508764
.191268675674856
.587802883645683
.92070448376931
.277429401878313
.761756849636668
.689636736339491
.813344051275925
.576898921013965
.927528912598175
.255432309791965
.722709250643965
.761522240774893
.6901032468043
.812670871106961
.578500320172614
.926583258984629
.258501547985401
.728378291163299
.75180475327626
.709058591664431
.783919119954881
.643681746631374
.871551111602839
.425409131573438
.928857568920011
.251108505204068
.714601490509337
.77499556103045
.662634277371483
.849490348930651
.48585468481646
.949239658221761
.183098172027021
.56837827942406
.93223276143142
.240064391792404
.693247222425839
.808090941893854
.589303891787241
.91969429666428
.280655449920405
.767174279731444
.67874803614994
.82858673037565
.53971689035995
.944005760756515
.200863760777106
.609966539457618
.904047968758921
.329631907978801
.839703910240014
.51148476279705
.949498780849283
.182213214857032
.56624392491629
.933324621164403
.236473136232361
.686103649876611
.818388639709894
.564788961593996
.934049083731172
.234085293066093
.681299600817766
.825095728024612
.548388516956562
.941102495421629
.210628636424684
.631804012981736
.883985268215259
.389710192415891
.903777401703629
.330462477519173
.84077670819004
.50871069358961
.949711670505314
.181485770963015
.564485006423706
.934198398996832
.233592651172635
.680303073064943
.826465047004684
.544998177720073
.942305623207116
.206589795581585
.622859717383946
.89264086140848
.364165985019145
.879886657421887
.401607284548739
.913211719475283
.301173084575464
.799777859270505
.608506293346535
.905260260355943
.325903661229685
.834823766341733
.5239935728724
.947812372151104
.187963501523924
.580006249751402
.925676200002722
.261439136454722
.733737114661218
.742394452673425
.726730731389973
.754654066684797
.7035749640194
.792517489293099
.624847370139114
.890769909843519
.369735734731375
.885518640537296
.385226435633447
.899942709905867
.342174149413975
.855345803369831
.470171568104308
.946619005672448
.192019562334186
.589562590057661
.919518461356221
.281216190208974
.768107849378632
.676849088185947
.831152720029637
.533283928864496
.945790284301504
.19482988520506
.596110563936965
.914898486098931
.295865135684699
.7916500372497
.626772971934546
.888928731630155
.375190878507724
.89080619613084
.369627964849826
.885411903313047
.385539126181536
.900215091785912
.341345945165819
.854349785361756
.472857672533495
.947200517426864
.190044449409952
.584924715301998
.922593612377324
.27137562735596
.751377405685853
.70987571966047
.782618292728599
.646482222337654
.868463242448284
.43409238806509
.933493509418342
.235916833710246
.684988308873037
.819961437205116
.560973779066219
.935872353412259
.228058107817264
.668980907649077
.841492720830357
.506854342155543
.949821468375736
.181110457035528
.563575945674058
.934640776700267
.232132101871676
.677337798778793
.830494959472311
.534937710700902
.945361554209724
.196281726921216
.599469800272556
.912401883568204
.303713808431711
.803592577798544
.599759877481412
.912182274010596
.304401937367525
.804617311998805
.597391514276365
.913956593198435
.298831768000673
.796219101250207
.616566127407173
.898366884176919
.346954537246457
.860992928056105
.454799602395225
.942236311414207
.206822770493675
.623379025976184
.892154940606839
.365615109719058
.881374664803881
.397302787173763
.909922473415346
.31146154999837
.814922360909735
.573130845076346
.929677142093994
.248434703535363
.709516626135706
.783190576816301
.645251769369312
.86982730928132
.430265492977008
.931520974414989
.242400664831765
.697841813579357
.801262743838598
.60511488486439
.908013271723795
.31739564636953
.823291470133753
.552833976287276
.939392569608767
.216349845135898
.64426184065317
.870916381059166
.427199945395493
.929860577788407
.247835557920984
.708369757773719
.785011767372223
.641319511345575
.874109423709582
.418160128548402
.924548494674986
.265082587542971
.740292475433078
.730586199750925
.74795401704082
.716371460646619
.772096885867065
.668660481865492
.84190383905622
.505786706386749
.949872753310935
.180935122148065
.563150894141054
.934845465362905
.231455800762612
.675959249612609
.832345701407916
.530276072071585
.946516765947682
.192366555364969
.590374322219544
.918963431156761
.282984644742746
.771036475213759
.670849070594066
.839080261293146
.513093390325212
.949348539893208
.182726380844199
.567482312233563
.932695322635325
.238544079524145
.690235046262868
.812480383258785
.578952838298083
.926312507433771
.259379054821016
.729985930816455
.749004592180657
.714387509677189
.775344383638769
.661904787514628
.850389991163404
.483462045551536
.94896068503811
.184050352502422
.570668116935394
.931022865545461
.244033299632522
.701027983551345
.796433449351265
.616083398401702
.898793649538944
.345661775332157
.859482907144238
.458933749990284
.94359153981853
.202260874045417
.613135368928043
.901361475530559
.337854070647743
.850093050859073
.484252451812709
.949057655959138
.183719442173042
.569873113214538
.931447442588892
.242641796277319
.698313668911214
.800552417147299
.606739329278281
.906705519223847
.321444358404873
.8288479548473
.539064285852443
.944201129969187
.200204353309572
.608465766856778
.90529367419665
.325800743093482
.834687551794225
.524340122161155
.947748722122084
.188180110984554
.580519755894702
.925362961860499
.262452132573602
.735569840588447
.739126030779507
.732711217333825
.744212859442636
.723368301274835
.760405087545258
.692318923446076
.809451040401261
.586112203659392
.921821815847509
.273852151565419
.755657172463958
.70162975863739
.795512673640946
.618154586926802
.896950075634996
.351236422322811
.865903712235395
.441234998814958
.936877363615744
.224725042808598
.662050052184432
.850211166230687
.4839381283799
.949019661864226
.183849104385478
.570184722568116
.931281597928539
.243185496495183
.699375981000383
.798947029160513
.610396560273192
.90368787802342
.330737169120403
.841130357513975
.507794300893074
.949769145719635
.181289319122792
.564009307200189
.934430672648657
.232825964515735
.678748532099601
.828586056634504
.539718572864469
.944005252884517
.200865474561632
.609970435624897
.904044712496188
.329641907154717
.839716856768048
.511451337465022
.949501694106996
.182203262580773
.566219888005641
.933336720443577
.236433289517779
.686023838677208
.818501499486424
.564515820334617
.934183293920896
.233642495664005
.680403983558821
.826326730321213
.545341287295893
.942187837132135
.206985683431137
.623741919085592
.891814162351856
.366630316285951
.882407604370855
.394304811653505
.907548403209516
.31883633635722
.825282962506997
.547925778350151
.941271855124222
.210060769525864
.63055392200185
.885231559109752
.386067254290304
.900673451929189
.339950982692763
.852660385824154
.477396478627364
.948058507121916
.187125581943584
.578016474398265
.926871032945366
.257568260682192
.726662036731102
.754772420198653
.70334585284326
.7928717636995
.624059294104668
.891515307875755
.36751990205602
.883306289865263
.391689894968963
.90542190036303
.325405714282912
.834163974500772
.525670864954221
.947495825431508
.189040447641218
.582555795827939
.924101254185819
.266524879552457
.74285959890162
.725873017841109
.75612924328313
.700711680793802
.796916320533123
.614994654684073
.899749671697545
.342760759915278
.856048121234801
.468272994387639
.946174909036518
.193526212075768
.593080505798416
.917076873873182
.288978148864662
.780785157704977
.650406841807846
.864035571362081
.446416790575717
.939089590737615
.21736125896232
.646438299845615
.868512132485638
.433955471201372
.933424856819915